5   120
9   24
mk  2
5   2
3   4
3,mk    5
6   30
2,lp    2
5   13
lp    2
5   13
lp    2
6   21
2,mk    12
1   2
4,mp   2
5   8
2   2
1   2
4   2
2   2
1   2
4,lp   2
5   73
lk  10
6   2
5   2
6   20
lp  2
5   10
lp  2
5   10
lp  2
5   10
lp  10
6   2
5   2
6   21
lp  2
5   10
lp  2
5   10
lp  2
5   10
lp  10
6   2
5   2
6   21
lp  2
5   10
lp  2
5   10
lp  2
5   10
lp  10
6   2
5   2
6   21
lp  2
5   10
lp  2
5   10
lp  2
5   10
lp  10
6   2
5   2
6   21
lk  6
mk  5
lk  6
2   2
9   10
3   12
3,mk    2
6       36
2,lp    2
6       13
6,lp    2
6       22
6,lp    2
6       13
6,lp    2
6       13
6,lp    11
2   2
3   2
6   2
2   2
3   2
6,lp,mp,hp  2
